69 6d 70 6f 72 74 20 52  65 61 63 74 2c 20 7b 20
75 73 65 45 66 66 65 63  74 2c 20 75 73 65 52 65
66 20 7d 20 66 72 6f 6d  20 27 72 65 61 63 74 27
3b 0a 69 6d 70 6f 72 74  20 7b 20 56 69 65 77 2c
20 53 74 79 6c 65 53 68  65 65 74 2c 20 41 6e 69
6d 61 74 65 64 2c 20 44  69 6d 65 6e 73 69 6f 6e
73 20 7d 20 66 72 6f 6d  20 27 72 65 61 63 74 2d
6e 61 74 69 76 65 27 3b  0a 69 6d 70 6f 72 74 20
7b 20 42 72 61 6e 64 4c  6f 67 6f 20 7d 20 66 72
6f 6d 20 27 2e 2f 42 72  61 6e 64 4c 6f 67 6f 27
3b 0a 69 6d 70 6f 72 74  20 7b 20 75 73 65 46 6f
6e 74 73 20 7d 20 66 72  6f 6d 20 27 65 78 70 6f
2d 66 6f 6e 74 27 3b 0a  69 6d 70 6f 72 74 20 2a
20 61 73 20 53 70 6c 61  73 68 53 63 72 65 65 6e
20 66 72 6f 6d 20 27 65  78 70 6f 2d 73 70 6c 61
73 68 2d 73 63 72 65 65  6e 27 3b 0a 0a 63 6f 6e
73 74 20 7b 20 77 69 64  74 68 2c 20 68 65 69 67
68 74 20 7d 20 3d 20 44  69 6d 65 6e 73 69 6f 6e
73 2e 67 65 74 28 27 77  69 6e 64 6f 77 27 29 3b
0a 0a 2f 2f 20 4b 65 65  70 20 74 68 65 20 6e 61
74 69 76 65 20 73 70 6c  61 73 68 20 73 63 72 65
65 6e 20 76 69 73 69 62  6c 65 20 77 68 69 6c 65
20 77 65 20 6c 6f 61 64  20 66 6f 6e 74 73 0a 53
70 6c 61 73 68 53 63 72  65 65 6e 2e 70 72 65 76
65 6e 74 41 75 74 6f 48  69 64 65 41 73 79 6e 63
28 29 3b 0a 0a 65 78 70  6f 72 74 20 66 75 6e 63
74 69 6f 6e 20 41 6e 69  6d 61 74 65 64 53 70 6c
61 73 68 53 63 72 65 65  6e 28 7b 20 6f 6e 41 6e
69 6d 61 74 69 6f 6e 43  6f 6d 70 6c 65 74 65 20
7d 3a 20 7b 20 6f 6e 41  6e 69 6d 61 74 69 6f 6e
43 6f 6d 70 6c 65 74 65  3a 20 28 29 20 3d 3e 20
76 6f 69 64 20 7d 29 20  7b 0a 20 20 63 6f 6e 73
74 20 5b 66 6f 6e 74 73  4c 6f 61 64 65 64 5d 20
3d 20 75 73 65 46 6f 6e  74 73 28 7b 0a 20 20 20
20 27 50 6f 70 70 69 6e  73 2d 52 65 67 75 6c 61
72 27 3a 20 72 65 71 75  69 72 65 28 27 2e 2e 2f
61 73 73 65 74 73 2f 66  6f 6e 74 73 2f 50 6f 70
70 69 6e 73 2d 52 65 67  75 6c 61 72 2e 74 74 66
27 29 2c 0a 20 20 20 20  27 50 6f 70 70 69 6e 73
2d 4d 65 64 69 75 6d 27  3a 20 72 65 71 75 69 72
65 28 27 2e 2e 2f 61 73  73 65 74 73 2f 66 6f 6e
74 73 2f 50 6f 70 70 69  6e 73 2d 4d 65 64 69 75
6d 2e 74 74 66 27 29 2c  0a 20 20 20 20 27 50 6f
70 70 69 6e 73 2d 53 65  6d 69 42 6f 6c 64 27 3a
20 72 65 71 75 69 72 65  28 27 2e 2e 2f 61 73 73
65 74 73 2f 66 6f 6e 74  73 2f 50 6f 70 70 69 6e
73 2d 53 65 6d 69 42 6f  6c 64 2e 74 74 66 27 29
2c 0a 20 20 20 20 27 50  6f 70 70 69 6e 73 2d 42
6f 6c 64 27 3a 20 72 65  71 75 69 72 65 28 27 2e
2e 2f 61 73 73 65 74 73  2f 66 6f 6e 74 73 2f 50
6f 70 70 69 6e 73 2d 42  6f 6c 64 2e 74 74 66 27
29 2c 0a 20 20 7d 29 3b  0a 0a 20 20 63 6f 6e 73
74 20 66 61 64 65 41 6e  69 6d 20 3d 20 75 73 65
52 65 66 28 6e 65 77 20  41 6e 69 6d 61 74 65 64
2e 56 61 6c 75 65 28 30  29 29 2e 63 75 72 72 65
6e 74 3b 0a 20 20 63 6f  6e 73 74 20 73 63 61 6c
65 41 6e 69 6d 20 3d 20  75 73 65 52 65 66 28 6e
65 77 20 41 6e 69 6d 61  74 65 64 2e 56 61 6c 75
65 28 30 2e 35 29 29 2e  63 75 72 72 65 6e 74 3b
0a 20 20 63 6f 6e 73 74  20 73 6c 69 64 65 41 6e
69 6d 20 3d 20 75 73 65  52 65 66 28 6e 65 77 20
41 6e 69 6d 61 74 65 64  2e 56 61 6c 75 65 28 35
30 29 29 2e 63 75 72 72  65 6e 74 3b 0a 0a 20 20
75 73 65 45 66 66 65 63  74 28 28 29 20 3d 3e 20
7b 0a 20 20 20 20 63 6f  6e 73 74 20 70 72 65 70
61 72 65 20 3d 20 61 73  79 6e 63 20 28 29 20 3d
3e 20 7b 0a 20 20 20 20  20 20 69 66 20 28 66 6f
6e 74 73 4c 6f 61 64 65  64 29 20 7b 0a 20 20 20
20 20 20 20 20 2f 2f 20  53 74 61 72 74 20 61 6e
69 6d 61 74 69 6f 6e 73  0a 20 20 20 20 20 20 20
20 41 6e 69 6d 61 74 65  64 2e 73 65 71 75 65 6e
63 65 28 5b 0a 20 20 20  20 20 20 20 20 20 20 41
6e 69 6d 61 74 65 64 2e  70 61 72 61 6c 6c 65 6c
28 5b 0a 20 20 20 20 20  20 20 20 20 20 20 20 41
6e 69 6d 61 74 65 64 2e  74 69 6d 69 6e 67 28 66
61 64 65 41 6e 69 6d 2c  20 7b 0a 20 20 20 20 20
20 20 20 20 20 20 20 20  20 74 6f 56 61 6c 75 65
3a 20 31 2c 0a 20 20 20  20 20 20 20 20 20 20 20
20 20 20 64 75 72 61 74  69 6f 6e 3a 20 38 30 30
2c 0a 20 20 20 20 20 20  20 20 20 20 20 20 20 20
75 73 65 4e 61 74 69 76  65 44 72 69 76 65 72 3a
20 74 72 75 65 2c 0a 20  20 20 20 20 20 20 20 20
20 20 20 7d 29 2c 0a 20  20 20 20 20 20 20 20 20
20 20 20 41 6e 69 6d 61  74 65 64 2e 73 70 72 69
6e 67 28 73 63 61 6c 65  41 6e 69 6d 2c 20 7b 0a
20 20 20 20 20 20 20 20  20 20 20 20 20 20 74 6f
56 61 6c 75 65 3a 20 31  2c 0a 20 20 20 20 20 20
20 20 20 20 20 20 20 20  66 72 69 63 74 69 6f 6e
3a 20 34 2c 0a 20 20 20  20 20 20 20 20 20 20 20
20 20 20 74 65 6e 73 69  6f 6e 3a 20 34 30 2c 0a
20 20 20 20 20 20 20 20  20 20 20 20 20 20 75 73
65 4e 61 74 69 76 65 44  72 69 76 65 72 3a 20 74
72 75 65 2c 0a 20 20 20  20 20 20 20 20 20 20 20
20 7d 29 2c 0a 20 20 20  20 20 20 20 20 20 20 20
20 41 6e 69 6d 61 74 65  64 2e 74 69 6d 69 6e 67
28 73 6c 69 64 65 41 6e  69 6d 2c 20 7b 0a 20 20
20 20 20 20 20 20 20 20  20 20 20 20 74 6f 56 61
6c 75 65 3a 20 30 2c 0a  20 20 20 20 20 20 20 20
20 20 20 20 20 20 64 75  72 61 74 69 6f 6e 3a 20
38 30 30 2c 0a 20 20 20  20 20 20 20 20 20 20 20
20 20 20 75 73 65 4e 61  74 69 76 65 44 72 69 76
65 72 3a 20 74 72 75 65  2c 0a 20 20 20 20 20 20
20 20 20 20 20 20 7d 29  2c 0a 20 20 20 20 20 20
20 20 20 20 7d 29 2c 0a  20 20 20 20 20 20 20 20
20 20 2f 2f 20 48 6f 6c  64 20 66 6f 72 20 61 20
6d 6f 6d 65 6e 74 0a 20  20 20 20 20 20 20 20 20
20 41 6e 69 6d 61 74 65  64 2e 64 65 6c 61 79 28
35 30 30 29 2c 0a 20 20  20 20 20 20 20 20 20 20
2f 2f 20 46 61 64 65 20  6f 75 74 0a 20 20 20 20
20 20 20 20 20 20 41 6e  69 6d 61 74 65 64 2e 74
69 6d 69 6e 67 28 66 61  64 65 41 6e 69 6d 2c 20
7b 0a 20 20 20 20 20 20  20 20 20 20 20 20 74 6f
56 61 6c 75 65 3a 20 30  2c 0a 20 20 20 20 20 20
20 20 20 20 20 20 64 75  72 61 74 69 6f 6e 3a 20
34 30 30 2c 0a 20 20 20  20 20 20 20 20 20 20 20
20 75 73 65 4e 61 74 69  76 65 44 72 69 76 65 72
3a 20 74 72 75 65 2c 0a  20 20 20 20 20 20 20 20
20 20 7d 29 2c 0a 20 20  20 20 20 20 20 20 5d 29
2e 73 74 61 72 74 28 28  29 20 3d 3e 20 7b 0a 20
20 20 20 20 20 20 20 20  20 2f 2f 20 48 69 64 65
20 6e 61 74 69 76 65 20  73 70 6c 61 73 68 20 73
63 72 65 65 6e 0a 20 20  20 20 20 20 20 20 20 20
53 70 6c 61 73 68 53 63  72 65 65 6e 2e 68 69 64
65 41 73 79 6e 63 28 29  3b 0a 20 20 20 20 20 20
20 20 20 20 2f 2f 20 4e  6f 74 69 66 79 20 70 61
72 65 6e 74 20 74 68 61  74 20 61 6e 69 6d 61 74
69 6f 6e 20 69 73 20 63  6f 6d 70 6c 65 74 65 0a
20 20 20 20 20 20 20 20  20 20 6f 6e 41 6e 69 6d
61 74 69 6f 6e 43 6f 6d  70 6c 65 74 65 28 29 3b
0a 20 20 20 20 20 20 20  20 7d 29 3b 0a 20 20 20
20 20 20 7d 0a 20 20 20  20 7d 3b 0a 0a 20 20 20
20 70 72 65 70 61 72 65  28 29 3b 0a 20 20 7d 2c
20 5b 66 6f 6e 74 73 4c  6f 61 64 65 64 2c 20 66
61 64 65 41 6e 69 6d 2c  20 73 63 61 6c 65 41 6e
69 6d 2c 20 73 6c 69 64  65 41 6e 69 6d 2c 20 6f
6e 41 6e 69 6d 61 74 69  6f 6e 43 6f 6d 70 6c 65
74 65 5d 29 3b 0a 0a 20  20 69 66 20 28 21 66 6f
6e 74 73 4c 6f 61 64 65  64 29 20 7b 0a 20 20 20
20 72 65 74 75 72 6e 20  6e 75 6c 6c 3b 0a 20 20
7d 0a 0a 20 20 72 65 74  75 72 6e 20 28 0a 20 20
20 20 3c 56 69 65 77 20  73 74 79 6c 65 3d 7b 73
74 79 6c 65 73 2e 63 6f  6e 74 61 69 6e 65 72 7d
3e 0a 20 20 20 20 20 20  3c 41 6e 69 6d 61 74 65
64 2e 56 69 65 77 0a 20  20 20 20 20 20 20 20 73
74 79 6c 65 3d 7b 5b 0a  20 20 20 20 20 20 20 20
20 20 73 74 79 6c 65 73  2e 6c 6f 67 6f 43 6f 6e
74 61 69 6e 65 72 2c 0a  20 20 20 20 20 20 20 20
20 20 7b 0a 20 20 20 20  20 20 20 20 20 20 20 20
6f 70 61 63 69 74 79 3a  20 66 61 64 65 41 6e 69
6d 2c 0a 20 20 20 20 20  20 20 20 20 20 20 20 74
72 61 6e 73 66 6f 72 6d  3a 20 5b 0a 20 20 20 20
20 20 20 20 20 20 20 20  20 20 7b 20 73 63 61 6c
65 3a 20 73 63 61 6c 65  41 6e 69 6d 20 7d 2c 0a
20 20 20 20 20 20 20 20  20 20 20 20 20 20 7b 20
74 72 61 6e 73 6c 61 74  65 59 3a 20 73 6c 69 64
65 41 6e 69 6d 20 7d 2c  0a 20 20 20 20 20 20 20
20 20 20 20 20 5d 2c 0a  20 20 20 20 20 20 20 20
20 20 7d 2c 0a 20 20 20  20 20 20 20 20 5d 7d 0a
20 20 20 20 20 20 3e 0a  20 20 20 20 20 20 20 20
3c 42 72 61 6e 64 4c 6f  67 6f 20 73 74 79 6c 65
3d 7b 73 74 79 6c 65 73  2e 6c 6f 67 6f 7d 20 2f
3e 0a 20 20 20 20 20 20  3c 2f 41 6e 69 6d 61 74
65 64 2e 56 69 65 77 3e  0a 20 20 20 20 3c 2f 56
69 65 77 3e 0a 20 20 29  3b 0a 7d 0a 0a 63 6f 6e
73 74 20 73 74 79 6c 65  73 20 3d 20 53 74 79 6c
65 53 68 65 65 74 2e 63  72 65 61 74 65 28 7b 0a
20 20 63 6f 6e 74 61 69  6e 65 72 3a 20 7b 0a 20
20 20 20 66 6c 65 78 3a  20 31 2c 0a 20 20 20 20
62 61 63 6b 67 72 6f 75  6e 64 43 6f 6c 6f 72 3a
20 27 23 66 66 66 66 66  66 27 2c 0a 20 20 20 20
61 6c 69 67 6e 49 74 65  6d 73 3a 20 27 63 65 6e
74 65 72 27 2c 0a 20 20  20 20 6a 75 73 74 69 66
79 43 6f 6e 74 65 6e 74  3a 20 27 63 65 6e 74 65
72 27 2c 0a 20 20 7d 2c  0a 20 20 6c 6f 67 6f 43
6f 6e 74 61 69 6e 65 72  3a 20 7b 0a 20 20 20 20
61 6c 69 67 6e 49 74 65  6d 73 3a 20 27 63 65 6e
74 65 72 27 2c 0a 20 20  20 20 6a 75 73 74 69 66
79 43 6f 6e 74 65 6e 74  3a 20 27 63 65 6e 74 65
72 27 2c 0a 20 20 7d 2c  0a 20 20 6c 6f 67 6f 3a
20 7b 0a 20 20 20 20 77  69 64 74 68 3a 20 77 69
64 74 68 20 2a 20 30 2e  37 2c 0a 20 20 20 20 68
65 69 67 68 74 3a 20 68  65 69 67 68 74 20 2a 20
30 2e 32 35 2c 0a 20 20  7d 2c 0a 7d 29 3b
